2
1.36
1.18
2
2
2
9.47
80
90
60
90
130
125
180
90
100
40
75
100
85
45
178.22
40
55
6
10
35
35
35
35
8
8
7.61
4.72
8
25
18
2.9
69
15
8.59
250
208.49
150
110
206.74
140
10.05
10.5
65.56
4.44
6.85
3.99
14.5
27.18
69
75
171
22.79
27.03
23.86
16.37
24.16
25.94
31.1
14.94
20.26
20.26
35.5
25.94
25.04
23.86
17.22
18.42
14.94
19.75
25.04
25.94
25.5
27.63
24.16
1.75
1.5
1.5
1.5
1.5
1.5
1.75
1.5
4.6
13.39
5.16
5.66
29
6
14.33
13.13
3.85
16.3
6
16.95
12.64
40
10
18.81
20
17.05
2.88
2.85
14.15
16.01
16.01
12.28
12.28
8.45
18
25
18
20
20
20
15
15
190
3.3
8
8
6
11.5
12.31
11
10
10.85
18
18
12
11
11
40
40
12
25
20
16.84
10
11.49
9.06
12
11.23
7.91
4.7
8
22
9
12.5
3.71
8
7.9
7.9
23
25
25
9.61
8
25.51
25.51
14.15
14.15
3.3
15
15
15
18
8
45
10.91
10.91
20
15
12
18
2
2
2
2
2
3.02
3.02
3.65
3.65
4.95
2
1.8
2.6
2
2
2
2
2
95
391.01
79
78.67
14
7.97
28
28
2.48
2.48
1.5
2.48
2.41
1.76
2
2.25
2
1.18
2
2.67
2
1.5
1
2
3.1
7.04
3.67
3.67
2
9.83
2.52
3.52
1.04
10.19
10.19
201.42
151.32
227
168.29
3
3.6
60
25.49
8.9
9.5
10.8
10.5
8.22
6.5
6.5
7.85
18.5
21.5
4
12.5
8.98
15.95
14.5
6
8.5
15.5
16.95
10.95
20.85
20.46
20
11.85
12.5
17.85
17.85
16.5
16.5
18.95
39.5
19.5
14.3
19.5
23.6
22.8
22.8
27.87
22.37
23.6
22.3
1
38.5
6.5
23.5
35
34.5
29.5
44.5
24.5
32.5
38.5
34.5
37.5
58.5
54.5
45.5
40.5
38.5
39.5
2.57
39.5
35.5
45
39.5
20
13.17
8.07
10.11
5
1
2.5
3.83
25
1.22
2
2.5
1.2
5.17
20.38
24.67
22.5
25.55
25.55
18.52
30.63
25.56
3.48
3.5
3.39
3.48
2.62
20
2.74
2.98
14
3.31
4.2
5.45
3.47
9.19
7.27
28.89
6
24.36
25.59
9.75
10
4
10.64
5.13
7
5
1.1
10.85
10.42
15.85
9.9
8.9
7.56
7.5
2.2
8.1
5
2.35
4.98
5
10.45
5.2
5.75
4.5
1.33
9.5
2
2
2
2
2
2
2
2
2
2
2
1.08
2
1.96
2
8
2.55
2
1.01
2
2
2
2
2
2
2
2
2
1
2
2
19.15
18.42
35.08
32.41
22.33
11.49
15
6.23
6.23
5.85
6.5
6.2
6.2
14.5
14.65
7.99
3.6
6.61
16.5
15.56
14.85
14.21
16.5
12.85
7.8
4.11
4.11
12.85
13.7
12.5
7.9
7.5
6.9
6
5
5.95
12.5
12.5
12.5
13.5
8.8
10.98
8.5
8.26
8.26
8.4
10.99
10.95
12
7.8
6.2
7.85
7.85
6.5
7.5
9.5
8.5
9.5
7.5
6
8.75
8.75
8
8.5
7.5
7.5
3.91
4
6.63
19.19
32.52
2.21
1.95
8
10
20
13.22
10
15
299
2
2
2
2
2
2
2
2
2
2
35.68
35
35
23.65
2
4.58
5.67
2
7.46
2.5
9.68
35
7.58
7.46
6.23
7.46
8
9.28
8
15
12
15
8.92
8
15
14.9
8.07
12.82
10.73
8.07
100
106.71
3.85
3.85
26.65
34.2
34.2
23.81
23.81
39.5
37.5
39
1
10.32
11
10
14
9.58
12
17.5
58
14.9
16.82
41.64
41.64
35.61
41.46
27.63
10.04
35.77
25.5
16.48
10
10
15.5
11.37
13.25
8.54
25.5
39
13
10
35
15.5
23.5
14.5
9.5
20.37
15.5
16.5
27.6
41.6
47.5
6.3
6.3
1.15
3.85
2
3.9
2
40
15
15
26
26
21
21
24
24
26
26
35
35
17.3
17.3
3.48
3.48
29
28
18.32
18.32
33
33
22
22
25
25
34
34
18
18
56.85
56.85
56.85
56.85
56.85
56.85
27.8
19.3
12.25
27.6
19.3
11.65
27.42
27.42
43.23
43.23
56.85
56.85
56.85
56.85
14.7
12.36
12.36
5
5
31.5
31.5
15.5
15.5
15
29.5
5.16
7.5
12.5
56.85
43.2
10
7
7
5.98
2
2
100
160
13.77
180
369
190.55
191
190.55
191
170
15.3
5.89
2
9
9
9
9
3.83
3.83
1.58
7.6
7.4
30
25
38
8
135
4
5
10.01
80
80
80
1
10
75
85
75
55
17.58
25.19
43.37
22.48
20
20.79
29.39
35
19
10.87
11.26
16.41
12
5
20
25
6.1
7.7
18
23
20
56
42
55
35
95.68
48
18.7
46
45
18.24
33
55
35
36
37.5
42
55
50.88
21
2
2
2
89.72
55
7.03
5.19
13.88
17.9
12.3
18.43
10.33
9.04
8
5.5
31.9
21.36
11.5
54.35
20.49
17.36
9.82
10.76
28.04
34.24
61.32
38.9
61.42
11.97
53
47.5
31.62
15.91
37
22
34.77
21.46
8.88
18.2
16.37
16
18.13
21.41
20.09
20.09
33.41
33.81
24
42
17.31
34.87
16.87
16.87
6.62
12.82
11.82
14.11
9.22
45.5
9
14.36
13.75
12
18.7
15.21
18.28
35.57
20.73
17.89
25.59
14.17
60.1
40
14.35
14.5
45
45
15
32.46
9.54
12.27
17.04
12.22
15.12
15.75
49.88
49.88
9.55
13.81
13.39
16.9
16.61
20
21.52
18.95
11
11.46
14.85
120
12
16
7
20
10.18
10.18
31.78
31.78
2
1.04
4.28
3.84
5.02
2.69
2.7
2.69
22
22.3
5.5
6.11
16.95
15.74
5.05
21.5
31.5
22.5
10.24
19.65
3.19
14.32
15.95
22.5
21.5
19.8
24.5
21.5
25.75
22.3
2.22
6.66
17.5
14.25
21.29
16.07
22
43.65
1070
29.42
8.25
6.15
6.15
3.9
1.95
1.02
1.35
2.5
2
2
2
2
1.35
2
2
2
4.65
16.22
15.1
11.1
1.5
3
5.6
5.6
5.19
8.04
5.96
5.48
3.12
1.2
40.79
5.22
3.08
4.11
1.9
72.1
55
50
48
48
45
30
5.8
4.62
2.95
2.6
2
20
20
20
20
25
4.9
14.26
11.94
14.26
14.26
14.26
14.26
14.26
12.94
14.26
29.32
3.7
29.74
22.5
22.5
15.18
15.18
1.2
68.5
12.76
6.5
38.5
38.85
10.46
7
7
7.8
18.72
8.89
12.39
21.5
2.18
5.25
5.25
15.42
10.72
8.55
8.55
3.68
2
1.47
17.64
31.18
10.68
2.95
3.82
1.05
1.8
1.1
3.2
3.43
1.52
2.5
3.47
4.2
4.19
4.53
3.92
4.07
3.64
1.68
4.53
1.3
2.5
3.47
2
3.26
4.03
4.5
1.55
3.64
4
2.22
4.5
2
4.43
2
3.36
1.25
2
1
2
1.88
1.1
2
1.5
2
1.1
3.17
2.7
2.52
2
2
4.43
2
2.88
1.45
2.85
14.53
2
1.08
2
2
1.08
1.2
1.34
2
1.17
1.08
2.6
3.5
2.32
4.4
3.07
4.12
3.36
1.35
3.23
5.18
1.53
5.18
4.35
1.49
4.03
1
2
2
3.35
4.1
1.45
3.35
4.51
3.7
2.94
2.5
1.67
1.1
2
2.5
17
11.4
1.2
13.68
14.54
3.35
3.26
2.1
2.5
2.5
1.04
1.34
1.16
5.76
3.5
3.5
1.67
5.1
10.37
4.5
5
4
4.5
2.5
8
3.5
6.3
1.1
2.24
5.25
4.7
5
6.7
5
4.88
2.61
1.34
1.44
4
3.46
11.45
2
5.58
3.6
1.3
2
1.44
4.7
7
4.32
2
2
3.78
3.78
3.49
10
1.25
1.25
1.66
2.5
1.68
4.1
4
4
1.5
1.5
1.5
1.4
3.5
1.25
1.25
1.68
2.5
2
5
7.8
9.23
3.36
8.95
11.06
8.85
5.3
2
8.95
22
1.34
2
44
2
1.1
1.65
3.36
2.36
5
4.54
2.82
5.6
5.2
3.6
5.92
5.2
2.13
9.5
6
1.45
2.16
2.39
1.35
4.8
2.2
1.45
2.13
2.13
14
4.5
4.5
3.9
1.08
2.5
7.5
2
1.48
3.61
1.89
2
5.22
4.88
2.77
7.86
3.14
5.76
1.6
7.54
3
3
3.9
1.44
3.5
5.9
7
1.08
4.89
2
1.44
8.06
5.66
6.49
10.5
5.87
3.65
4.85
5.76
5.2
1.34
2
2.5
7
1.44
8
1.34
2
4
2.5
4
2.5
2
5.2
5.2
5.2
4
4
5
1.92
3.14
9.65
13
5.5
1
1.14
2.6
1.14
3.6
4.7
4.7
2
2
2.77
1.06
6.65
2.5
2.9
1.5
1.44
1.7
1.47
5.08
1.24
2
1.7
1.8
3.19
3.76
1.25
1.24
1.76
2
5.25
6.59
5.04
5.04
3
3.9
3.07
3.5
3
2.5
2
1.68
1.47
1.4
1.8
1.68
5.5
1.3
2
1.3
3.94
3.69
3.69
5.04
1.85
5.6
2.5
2.5
3.6
3.4
2.4
2.66
2.05
3.15
6
10.72
2.5
4.8
11.62
4
5
5.9
4.98
2.72
5
3.5
3.5
5.4
2.78
1.3
3.26
2.5
1.53
1.04
1.88
1.1
2
1.49
1.09
1.65
3.61
2.52
1.61
1.09
2
2
1
2
1.88
1.44
2
1.68
1.8
3.29
4.19
1.61
1.04
2.73
2.6
1.08
1.2
1.34
1.34
5.82
1.92
5.5
1.34
1.67
2.5
1.53
3.24
1.53
10.5
1.38
4.55
5
7.2
8.96
11.33
6.32
12.5
4.6
8.5
55.65
10
16.5
6.27
8.5
14.51
16.8
2.3
8
5.99
7.75
2.29
4.33
7.87
14.7
7.45
11.5
11.5
9.5
7
17
1.34
17.5
11.05
7.86
17.5
22.5
38.5
16.5
5.8
4
9.35
4
12.5
8.8
15.5
10.5
4.34
3.64
8.95
9
5.4
2
1.2
1.83
1.65
1.2
1.83
1.95
3.78
2.5
2
2
2
1.2
1.83
2
7.8
5
5
1.66
2
5.92
2
2
6.59
2
3.6
3.5
3
3.9
3.9
1.2
4.41
4.7
4.7
3.17
2.92
4.02
1.4
1.65
2.77
6.55
5
2.2
1.6
1.08
2
3.36
2
2
2.66
4.48
2.05
7.81
1.53
2
3.9
1.37
4.77
5.06
2.68
5.4
5.06
5.4
16.5
2.64
4.52
8.5
4.42
10.1
2
7.72
5.4
12.3
7
8
11.21
7.72
5.66
5.2
15.5
10.19
2.8
5.42
6.86
1.68
16.5
7.9
3
9.5
1
1.28
7.63
14.7
6.24
6.24
6.32
6.32
3
3
3.17
2
4.8
3.53
3.78
3.8
6.52
4
5.86
5.2
2.52
1.3
2.5
1.68
3.5
3.6
3.5
3.5
3.5
3.5
3.5
3.15
6.68
1.34
1.75
3.44
3.53
3
4
5.2
5.2
5.2
3.5
3.47
3.5
5.2
2
4.02
5.9
3.7
2
2.61
3.9
1.44
7.7
5.5
6
4.8
4
9.6
3.69
3.47
3.69
4
3.22
7.22
4.85
4.45
4.45
5.08
3.84
1.51
2
1.67
1.2
1.74
2.61
1.53
5.76
1.17
10.2
1.53
2.67
7.92
9.35
2
2
2
4.32
2.5
1.44
2
2
2
3.9
3.75
3.4
4.64
5.9
1.3
2.65
1.08
2
7.86
10.08
1.33
5.04
2
2
9.54
2
2
3.4
2
5.4
9
3
1.44
1.45
2.61
7.1
2
1.21
1.44
2.61
1.34
5.76
1.6
5.44
4.6
3.53
3.32
8
2
2
1.5
5.86
6.43
2.61
1.24
2.9
3
7.54
6.59
5
2.5
2.2
3.5
4
4
3.5
3.5
5.1
11.48
3.15
2.85
3.8
4
4
2.31
4.28
4
3.8
2
4.55
5.91
2.9
2.1
4.78
4.85
3.5
1.34
1.4
4.32
4.35
3.5
3.5
7
3.3
2.75
3.5
3
3.5
6.49
3.65
1.05
1.3
1.3
1.34
1.21
1.5
2
2
6.48
6.48
1.68
1.51
1.6
1.47
6.24
2.42
2.5
5.58
2
6.59
1.17
1.79
4.38
2
8.99
1.53
4
1.45
2.61
5.2
5.37
3.94
5.22
2.16
2.16
2
1.44
1.44
3.5
5
5
2
7.16
8.5
8
10
10
13
7.08
5.89
100
15
8
12.5
12.5
9
4.8
10
5.32
3.19
5.31
3.19
3.3
8
7.2
6.83
15
25
6.28
5.4
5.13
5.5
7.13
2.56
10.32
6.61
10
5.4
35
30
6
7.9
25
11.39
3.15
6.38
5.9
3
2.5
5.1
1.4
5.1
9.3
19.88
15.6
18
3.5
8.5
56
56
8
30
3.94
35.34
46.16
35.45
29.53
33.48
45
30.81
62.77
62.77
36.06
57.85
57.85
114.5
59.06
39.81
68.31
62
69.9
69.9
68
68
69
69
31
31
8.07
30
69
30
69
121.47
58.85
58.85
27.3
10.16
17.32
50.48
16.34
8.16
21
24
32.25
8.58
12.17
12.08
28.45
11.4
14.2
25
16.31
16.6
10.16
58.46
58.46
26.54
36.42
37.9
37.87
31.54
39
56.76
56.76
128.7
128.7
202.36
202.36
10.06
13.3
7.54
7
127.55
127.55
97.94
97.94
332
127.67
69
29
29
24.02
44
44
19
69
69
69
89
89
49
49
70
70
134
134
69
36
10.31
28
32.5
18
36.77
19.45
30.91
13.73
14.12
32.32
68.4
68.4
67.83
68
52.1
52
112
128
85
38.5
25.3
25.3
55
55
60
31.86
31.86
55
55
112
25.7
25.7
21.37
21.37
33.99
33
32.5
12.08
35.43
42
32.5
22.84
29
12.62
10.47
11.77
27.16
16.75
19.83
10.75
18.04
22.52
16.8
23.74
15.8
18.6
49.8
48.95
9.62
18.5
49.91
53.21
52
37.2
30
48
48
60.87
60.53
44
19.32
19
36.5
32.5
31.86
55
22.21
22.3
22.3
52
22.3
52
24.3
11.99
12.09
4.2
22.6
32
22.5
22.6
21.91
52
65.3
60
35.8
10
10
18.6
16.8
16.8
16.84
14.5
14.5
15.28
8
9.43
53.58
7.2
2
2
3
4.05
62.5
21.6
6.5
10.8
2.45
1.41
2
2
2
2
2
2
2
2
2
2
2
2
2
2
2
1.35
1.54
1.6
1.6
1.6
3.32
3.15
2
9
3.94
1.5
1.5
2
8.07
9.9
9.9
7.7
7.7
136.03
174.07
39.9
39.9
12
12
10
10
12
10
22
22
20
12
12
24.9
24.9
15
15
15
3.78
12.13
6.1
2
13.91
13.91
8.96
8.96
10.5
10.5
18.11
18.11
12.17
12.52
13.36
13.36
5.4
8.83
7.87
7.12
14.72
10.79
6.83
1.7
2.11
1.86
3
4
30.88
32.8
9.76
36.33
36.33
37.48
30
18.5
18.9
40.77
12.33
28.5
28.5
16
39.9
17.5
17.8
15.5
13.48
27.5
204
20.98
8.3
20
17.6
15.52
15.8
17.8
8.82
13.04
11.68
15
40
35
23.89
34.29
44.57
36.83
26.62
55
27.75
20
22.5
15.7
22.8
32.8
10.69
24.71
12.67
15.05
21.61
20
20
7.08
5.19
15.4
45.28
30
14
15.9
15.9
15.5
15.5
22.8
14.25
14.25
40
14.5
35
7.02
120
210
15.54
99.94
33.31
89.5
78
40.13
7.52
5.12
3.03
4.29
2
45
35
1.5
35
35
2.75
25
12.18
180
113.06
149
150
70
135
82.63
91.53
91.53
142.28
162
96.23
108
86.4
94.23
80.76
99
135
128
119
129
115
188.2
105
2.54
6.06
45
25
12
188.2
5.56
3.19
2.7
3.85
25
25
22
45
15.98
19.12
19.12
25
13.86
18
16.28
15.52
24.55
59.32
95
145
79.66
117.15
450
10.02
2.3
1.66
1.41
1.83
1.22
2
1.92
2.09
1.89
1.33
3.71
1.85
1
1.1
1.74
1.93
2
1.39
42.69
10
5.9
13.98
36.2
12.29
26.8
26.12
25.85
14.92
26.8
38.7
6.8
26.46
18.92
8.92
26.17
10.67
7.13
15.79
12.52
13.95
28.84
6.83
3.16
16.9
17.23
7.69
31.79
31.67
10.58
17.86
2.38
11.4
8.32
26.8
13.84
37.71
31.66
4.42
7.5
2
2
2
2.57
2.41
2.7
2.7
2
1.16
2
5.16
5.04
3.24
6.12
5.2
5.1
1.23
4.85
2
2.04
2.21
2.21
1.39
85
10.23
5.82
3.2
3.2
9.85
9.85
9.85
9.85
7.15
7.2
7.2
7.2
7.2
4.34
9.48
9.24
4.34
4.34
13.66
13.66
6.15
6.15
7.03
7.03
4.61
4.61
5.04
5.04
10.86
10.86
4.8
4.8
8.01
10.86
4.47
4.47
4.92
4.92
4.92
5
5
5
5
7.86
5.96
7.86
5.96
5.09
5.09
6.04
6.04
9.86
6.04
9.92
9.92
5.32
5.92
5.32
5.8
15.31
11.9
14.12
11.9
14.74
14.74
14.74
14.74
7
10.26
10.26
9.03
9.03
13
13
9
9
12.48
12.48
13.24
11
10.13
10.13
16.83
16.83
9.9
13.84
9.9
13.84
4.8
8.85
4.8
8.85
9.9
11.53
9.9
11.53
17.74
17.74
8.3
17.48
17.48
26
26
12.32
11.32
6.97
6.97
6.52
6.97
10.18
8.61
19.31
19.31
12.24
12.24
19.31
18.26
13.95
13.95
13.95
13.95
24.74
24.18
28
5.76
4.48
4.62
4.62
18.08
18.08
16
14.48
16
14.48
9.53
9.53
50
11.73
11.73
10.56
10.56
26
26.45
13.72
14.47
14.47
17.93
20.1
13.86
6.54
13.86
14.86
14.86
21.66
13.86
12.81
36.6
36.6
68.23
68.23
8.49
5.78
5.78
8.49
8.28
24
12.48
6.22
6.7
9.86
13.5
31.41
12.48
6.22
6.7
9.86
13.5
31.41
8.21
8.84
9.77
9.77
12.16
12.16
23.75
23.75
13.17
12.69
12.69
4.3
23.86
23
22
22
3.2
18.8
16.5
6
12.2
4.5
5.96
14.95
4.3
3.75
14.95
14.95
4.2
6.22
19.75
19.9
9.3
6.85
6.2
10.5
13.75
6.44
14.5
14.5
10.95
16.95
13.5
9
4.5
13.83
6.85
13.75
12.47
60
64.5
66.5
13.48
13.6
26.5
24.9
23.65
24.9
20.5
30.85
15.34
3.5
13.95
36.5
13.5
27.85
23
13.25
20.5
6.7
9.15
3.65
239
253.98
132.6
132.6
145.86
145.86
203.43
203.43
150
160
156.17
125.62
153.23
153.37
20
60
2.5
100
11
2.5
14
3.5
1.8
135
25
14
69
63.5
75
55
55
72
55
65
58
65
65
55
55
90
1.5
12
3.91
6.38
8.79
14
3.5
7.57
5
5
5
2.5
5
8
135
25.5
10.5
11.77
11.77
11.77
11.43
7.03
7.03
11.77
11.77
7.03
7.68
7.68
11.77
11.77
8.78
8.78
11.46
11.46
9.47
21.85
9.26
9.26
17.5
11.77
7.36
7.36
11.43
11.77
11.77
11.77
11.77
3.01
12
4.58
23.19
23.19
11.77
11.77
11.77
11.77
10.5
2.3
4.58
3.69
11.77
11.77
2.58
16.93
16.93
4.58
3.69
11.43
11.43
18.8
2.84
4.46
3.01
3.01
10.6
3.13
3.75
4.58
7.02
7.02
4.52
4.52
7.03
5.47
5.47
2.84
3.01
4.58
2.84
3.01
2.3
10.5
10.5
4.58
10.62
4.58
4.52
10.62
25.5
3.01
4.44
4.44
5.9
4.14
3.75
5.6
10.5
2.56
4.58
16.93
16.93
25.5
9.86
11.77
11.77
13.6
13.6
1
5.5
21.02
21.33
27.72
19.13
19.13
23
19.13
12
8.66
3.27
3.27
2.5
11.42
10.57
4.49
36
36
36
36
55
55
28
18.42
2
2
8.18
32
32.53
24.36
24.36
3.67
10.79
90.17
80
34.1
30.81
38.87
32.17
24.18
19.3
19.52
15.5
15.5
3.52
3.42
2.93
29.78
11.72
29.5
2.22
11.65
2.19
7
6.17
5.29
11.73
5.16
7
6.59
5.29
11.73
7.06
9.91
211.21
11
17.56
14.12
18.43
11.58
8.07
17.68
7.86
12.44
7.39
7.72
7.72
16.19
12.57
5.69
11.26
7.81
37.12
23.39
5.52
5.52
7.09
10.11
4.33
29.31
43.48
13.7
27.63
1.91
1.91
14.75
7.67
5.86
12.33
3.63
12.33
5.65
8.23
7.16
6.7
10.74
8.61
8.86
1.66
2.84
6.52
6.52
12.39
12.39
17.74
15.18
18.74
15.04
19.7
19.7
14.51
14.51
6.95
6.95
5.32
5.75
5.32
5.75
3.01
3.01
1.74
4.17
3.22
1.73
4.97
4.72
5.07
9.85
9.85
3.88
3.63
2.95
2.95
1.44
18.72
18.72
15.43
7
6.14
6.14
17.73
7.3
3.99
4.43
1.83
9.02
1.83
9.05
7.46
5.77
1.17
12
4.56
6.7
6.7
12.15
9.6
4.66
4.66
28
21.69
22
15.5
15.52
15
6.27
6.27
9.76
35
18.78
3.2
21.94
5.63
2.76
1.09
4.99
1.7
1.5
5.62
2.74
9.68
17.8
4.73
2.8
3.11
5.64
2
10
2.77
8
7
5.4
11.16
4.3
5.05
41.55
41.58
75
111.62
2
1.02
3.2
1.02
1.15
3.25
4.08
3.2
3.55
2.5
1.08
1
1
2
1.07
3.55
4.95
3.5
107.51
107.51
105.46
105.46
105
105
107.34
107.34
114.02
114.02
103
103
103
80.93
80.93
55.97
50
60
72.07
72.07
18.06
20.28
20.28
70.19
81.45
85
85
40.38
40.38
40.05
17
17
57.35
57.38
108.3
108.3
57.71
57.71
98
98
46.98
46.98
45.07
45.07
55
55
85
85.4
85
85
48.52
48.56
65
65
35.56
30.73
55
55
61.05
55
31.33
33.17
61.47
61.7
33.2
33.2
55.32
31.6
51.63
51.63
55
55
31.01
31.01
32.2
32.2
28.17
47.02
31.66
31.66
79.49
79.49
37.35
36.41
34.22
34.22
39.36
43.22
36.43
38.1
89.52
55
55
55
55
33.23
31.66
47.59
47.59
55.3
55.3
65
5
32.8
32.8
30.53
38.07
34.22
30.53
32.45
46.23
51.1
36.85
65.57
65.57
33.64
33.64
54.69
51.02
27.88
54.69
55
55
24.93
32.4
12.86
12.86
47.13
47.13
33.23
33.23
50.63
50.63
26.05
26.05
3
3
11.31
11.31
11.31
11.31
79.06
79.06
2
2
16.96
15.94
36.45
36.45
22.39
22.39
55
55
55
55
45
45
12.81
12.81
47.08
47.08
56
56.62
55
55.62
27.52
24.86
29.32
29.35
36.97
32.29
29.35
32.29
22.1
21.61
64.5
72.95
50.28
50.28
24.43
23.41
39.4
20
21.86
21.86
12
12.34
38.08
35.08
26.67
47.97
29.62
24.54
24.54
35.75
20
20
7.18
140.78
140.78
30
30
55.97
145
145
68.82
79.38
38.7
87.96
65
65
145
145
25.13
25.13
30
30
29.68
29.68
61.23
61.23
40.31
40.31
55
55
55
55
55
55
48.75
48.75
55
55
29.68
29.68
27.22
27.22
24.71
24.71
23.12
29.43
122.5
97.5
41.5
30.75
3.85
3.85
75
2
2
190
210
23.34
90
190
11.32
1.8
1
1.8
1.53
2.5
24.6
15.98
25
25
20
20.05
1.15
140
12.5
3.2
15
5.65
5.65
14.07
32
22.8
22.8
10
11.62
16
35.23
29.77
34
21.6
1.08
15.62
4
4.34
1.75
1.75
54.66
55.8
65.49
57.79
56.86
93.24
78
13.19
13.19
13.19
24.5
5.65
20
20
17.76
17.76
10.78
26.8
3.04
2.04
10
25
25
15
25
25
60
55
4.99
5.7
5.34
6.83
1
4.95
4.2
3.8
5.5
9.5
9.5
27.69
20.52
32.86
24.25
45
36.2
25.22
28.97
14.98
21.74
8.92
34.56
38
58.57
9.99
39.25
23
24.39
25.02
22.7
28.67
32.86
40.85
26.68
46.99
38.02
31.72
35.58
24.46
47.07
55.21
27.69
36.2
6.62
31.68
43.24
30.11
33
22.94
51
28.05
23.34
8.9
46.2
35.02
34.38
25
25.96
22.15
29.07
23.56
25.52
36.77
22.01
30
13.76
18.87
18.63
20.91
29.95
18.02
23.84
22.5
21.6
18.98
7.5
7.06
7.03
7.98
4.97
7.98
7.5
7.98
7.98
5
7.06
21.68
40.33
29.11
26.18
29.12
27.65
30.76
34
33.41
26.06
23.11
6.91
7.84
11.66
13.06
10.5
5.04
25.13
22.19
19.86
19.86
31.5
24.38
11.06
26.7
15.27
15
15.37
7.2
1.95
69
140
4.95
2
2.81
2.93
2
2
1.11
2
2
2
2
1.4
1.74
2
2.15
2
2
2
2.81
3.81
3.68
3.64
2
3.64
3.43
2.94
2
2
2
3.36
35
2.3
89
45
33
50
2.06
2
1.6
1
1.09
1.4
1.34
1.4
2.36
2
2
2
2
2
2
2
2
2
2
69
4.73
18
2
89
1.95
160
160
160
160
160
21.27
7.53
4.94
4.94
14.85
13.86
2
2
13.56
50
15
120
28
45
45
10.16
18
27.14
2.75
3.31
1.75
2.9
2.79
2.05
5
3.85
4.68
3.92
14.54
2
2
2
2
2
14.96
4.77
3.7
2
2
2
2
1.58
2
2
3.87
6.51
6.51
2
1.39
5.55
5.55
25.18
27
12.1
22.12
21.84
12.1
20
60
2
2
2
89
2
2.8
5.95
6.8
3.35
5.5
9.5
2
3.43
2
1.8
4.98
2
2
2
89
50
990
2.25
1.5
1.65
4
2
3.43
3.39
1.5
160
160
160
160
160
2.28
3.87
19.68
2
2
2.2
2
2
2
2
2
2
2
2
1.97
1.96
2
4
2
2
2
2
2
2
2
2
2
2
2
1.25
1.1
2
2
2
2
2
2
2
1.25
2
2
2
2
2
2
2
2
2
1.98
2
2
2
2
2
3.1
1.08
2
2
2
2
2
2
2
2
1.85
2
2
2
1.2
2
2
2
2
2.98
2
2
2
1.83
1
2
2
5.45
2
2
2
2
5.84
2
2
2
3.72
3.92
3.92
2
1.55
3.63
2
1.45
2
1.55
2
4.65
2
2
1.08
2
5.5
2
1.15
1.19
1.45
1.2
2
2
2
1.28
2
1.2
2
2
2
2
1.97
1.25
1.2
1.25
2
1.38
2
2
1.2
2
2
1.02
2
1.78
1.15
1.18
1.21
2
2
1.98
2
1.8
1.75
2.5
2
1.35
2
2
2
2.26
1.65
2.35
1.65
2
1.45
1.25
2
2
1.73
1
4.8
4.8
3.85
2
3.5
2
1.2
1.9
2
2.28
1.25
2.35
2.35
3
2
2
3.45
2
2
3.5
2.45
2
1.9
2.7
2
2
2
2
5.65
5.82
13.44
5.35
7.22
55
55
35
35
18.57
18.57
9.73
9.73
18.5
18.5
21.5
21.5
6.86
6.86
15.5
11.36
5.2
146
28
41.91
12.31
11.1
6.17
5.27
11.1
56.95
8.89
9.69
5.65
5.65
6.89
9.52
6.89
8.42
6.84
7.18
10
3.94
10
32.41
20
30.76
8.76
7.96
10
10
10
10
5.7
8.34
8
25.5
10
16.63
24
10
10
10
10
10
6.21
10
10
10.74
10
10
6.66
250
150
487.5
5.11
17.47
10.14
6.5
6.5
120
2.8
2.85
1
2.49
5.08
28.02
6.9
5.18
9.55
8.07
24
140
9.22
13.89
2
4.5
15
13
2.9
17.5
20
1.11
1.11
180
80
10
20
120
2.5
3.2
42.5
23
10
9.5
9.5
12
15
100
121.41
27.85
27.85
27.85
27.85
85
28.81
28.81
85
148.45
35.05
35.05
6.63
54.74
54.74
32
70
43.76
37.45
90
93.26
18
2.05
2.05
13.47
5.28
4.26
35.43
35.43
21.67
21.67
31.92
31.92
111.24
109.79
29.29
28.8
42
29.37
42.6
23.79
30.92
36.18
42.6
52
23.45
74
74.77
47.91
52.71
41.32
41.32
42.15
37.67
40.37
24.01
25.93
25.93
25.93
25.93
35.11
35.11
28.52
35.11
35.11
28.27
24.01
58.05
57.12
56.4
57.12
63.34
63.34
63.34
63.34
58.52
52.65
6.24
6.24
6.23
6.23
13.44
13.44
12.31
12.31
11.25
11.25
19.68
19
15.84
15.84
12.38
11.04
11.04
11.04
31.59
31.59
30.15
30.15
78.75
78.75
90
90
20.25
20.25
22.16
22.76
22.5
22.5
39.37
39.37
43.92
30.36
25
25
23.36
23.36
20.64
23.06
35.11
55.2
35.11
41.77
47.34
74.52
41.5
41.5
35.11
35.11
57.14
57.14
20
73.68
97.66
20
73.68
97.66
30
34.57
21.61
20.81
6.18
28.81
50.12
49.37
28.81
36.08
78
36.08
78
31.5
27.66
27.66
32
32
29.13
29.13
22.34
44
22.34
44
100
76.83
145
102.67
145
180.44
86.9
86.93
22.13
26.47
22.08
48.02
48.02
42.09
42.09
27.7
27.7
45.63
72
45.63
72
88
88
15.61
15.61
27.85
27.85
44
28.4
28.4
23
23.53
23.53
38.3
53.4
50.01
50.01
22.09
29.79
15
22
49
8.8
8.8
27.66
5.56
27.66
26.6
26.6
70
15.51
15.51
183
20.21
20.21
26.6
26.6
85
85
20.81
20.81
121
121
12
12
9.91
9.01
42.26
42.26
100
3.97
6.24
58.52
37
10.18
31
35
16.66
26.72
37
35.5
26
11.25
18.62
7.44
36.78
26.6
19.64
26.6
2
2
3.6
3.6
10
2
1.35
4.5
4.5
4.5
4.5
4.5
10
13.66
8.77
1.39
1.95
72.77
60
68.1
68
68
9.97
15.5
20
16.56
3.05
3.6
4.31
3.48
1.8
2.46
8.39
2.85
4.28
3.93
1.04
2.8
2.8
12.34
8.15
10.47
7
1.39
3.44
4.31
2
1.64
1.77
9.24
1.53
1.53
1.65
10.5
10.5
3.59
3.59
5.25
5.25
1.55
1.55
19.85
6.5
6.5
26.46
34.82
18.79
26.46
29.24
29.24
29.24
29.24
20.88
20.88
130
8.5
2.99
2.99
3.6
3.6
2.85
2.65
2.95
5.5
6.8
5.5
2.65
2.95
52.87
39.82
52.87
39.82
15.19
5.47
13.15
5.82
10.17
12.57
12.55
6.51
6.43
2.74
2.99
2.95
1.7
1.3
2
2.9
10.5
10.5
3.06
18.78
5.02
8.69
15.12
13.36
25
11.36
12.04
11.44
12.01
15
23.62
8.93
6.81
23.6
13.79
26
10
1
15.82
15.85
15.85
2
4.5
4.5
1
4.07
3.21
3.21
3.54
2
2
2
2
3.29
4.13
3.86
4.6
3.43
3.2
37.84
12.57
5.72
2.63
3.39
6.01